-0.587113
-0.608378
-0.296808
-0.696109
-0.561458
-0.588580
-0.384507
-0.577894
-0.571696
-0.464602
-0.303471
-0.262059
-0.302422
-0.440080
-0.532126
-0.516554
-0.557256
-0.311376
-0.468048
-0.695128
-0.503453
-0.678808
-0.743274
-0.536238
-0.491880
-0.656386
-0.625821
-0.577573
-0.683586
-0.684638
-0.713725
-0.654452
-0.582229
-0.709103
-0.636363
-0.615229
-0.624581
-0.157785
-0.204561
-0.546415
-0.446723
-0.281681
-0.611594
-0.666909
-0.596452
-0.670595
-0.659089
-0.727558
-0.746996
-0.809590
-0.852442
-0.779556
-0.737009
-0.834130
-0.844802
-0.791726
-0.852747
-0.982783
-0.995984
-1.050072
-0.910492
-0.738414
-0.746659
-0.865497
-0.814861
-0.737359
-0.755834
-0.918614
-0.898112
-0.728796
-0.814212
-1.007291
-0.847813
-0.801411
-0.811588
-0.909115
-0.952385
-1.124272
-1.004495
-1.082794
-1.024537
-0.924675
-1.071016
-1.095299
-1.097639
-1.016644
-1.069314
-1.018548
-1.046053
-1.145132
-1.182009
-1.209666
-1.119270
-1.131457
-1.133745
-1.181735
-1.254818
-1.214914
-1.231240
-1.194508
-1.166807
-1.308520
-1.369611
-1.195035
-1.179987
-1.323687
-1.292499
-1.181969
-1.120167
-1.285897
-1.303250
-1.340440
-1.442720
-1.572417
-1.482147
-1.428299
-1.553334
-1.507380
-1.414546
-1.896523
-2.069511
-2.077329
-2.141036
-2.025561
-1.843856
-1.694818
-1.814130
-2.142716
-2.000363
-1.924711
-1.776145
-1.757127
-1.851907
-2.005501
-2.345409
-2.460672
-2.397903
